pp=3
Rs=0.58
Ld=0.000227
Lq=0.000249
ke=0.0564
kt=0.01217
J=0.000092
I_ph=2
U_ph=15
N_req=4000
I_max=8.25
UDC_max=60.8
UDC_trip=28
UDC_under=16
UDC_over=30
N_over=4300
N_min=300
N_max=4400
UmaxCoeff=1.73205
E_max=15.1
E_block=1.4
E_block_per=2000
POSPE_Ts=0.0001
ENC_P=1024
ENC_DIR=1
RES_PP=1
ALIGN_U=1.2
ALIGN_I=0.2
ALIGN_T=0.4
CALIB_T=0.2
FAULT_T=6
FREEWHEEL_T=1.5
CLOOP_Ts=0.0001
CLOOP_F0=280
CLOOP_Att=1
CLOOP_LIM=90
SLOOP_Ts=0.001
SLOOP_F0=28
SLOOP_Att=1
SLOOP_PI_MAN_EN=0
SLOOP_KP_MAN=0.005
SLOOP_KI_MAN=0.05
PLOOP_KP_MAN=0.12
RAMP_UP=10000
RAMP_DOWN=10000
SPEED_MAF=2
SPEED_IIR_FREQ=100
SL_HIGH_LIM=2
SL_LOW_LIM=-2
BEMF_DQ_F0=300
BEMF_DQ_Att=1
TO_F0=30
TO_Att=1
STARTUP_RAMP=3000
STARTUP_CURRENT=0.65
STARTUP_MERG_SPEED=500
STARTUP_MERG_COEFF=100
ATO_F0=100
ATO_Att=1
SCALAR_Factor=100
HW_board=0
Rs_calib=0.5
I_calib=2
Id_meas=1.5
Id_ampl=0.9
Freq_start=1000
Freq_min=200
Ud_inc=0.5
Freq_dec=100
T_meas=0.15
ProjectPath=/
FSL_HW_CalibTable_size=65
FSL_HW_CalibTable_range=2
FSL_HW_CalibTable=-0.007988878061 -0.00779056549 -0.007562926738 -0.007455819985 -0.007204788039 -0.007132018451 -0.006894042949 -0.00672538043 -0.006570946658 -0.006581801921 -0.006290676771 -0.006268252619 -0.006004346302 -0.005851386348 -0.00580769172 -0.005697534653 -0.005519124214 -0.005341505399 -0.005210382399 -0.005029341905 -0.005001538899 -0.004815006862 -0.004722529324 -0.004567054333 -0.004414714407 -0.004248617449 -0.004089549417 -0.00388170057 -0.003591187182 -0.003200998181 -0.002399129734 -0.001029098872 0 0.001029098872 0.002399129734 0.003200998181 0.003591187182 0.00388170057 0.004089549417 0.004248617449 0.004414714407 0.004567054333 0.004722529324 0.004815006862 0.005001538899 0.005029341905 0.005210382399 0.005341505399 0.005519124214 0.005697534653 0.00580769172 0.005851386348 0.006004346302 0.006268252619 0.006290676771 0.006581801921 0.006570946658 0.00672538043 0.006894042949 0.007132018451 0.007204788039 0.007455819985 0.007562926738 0.00779056549 0.007988878061 
User_HW_CalibTable_size=65
User_HW_CalibTable_range=2
User_HW_CalibTable=-0.006808920531 -0.007389998296 -0.007903461811 -0.008500718046 -0.009007247631 -0.009593452793 -0.010064323433 -0.010659333319 -0.011135506444 -0.011727688369 -0.012279126328 -0.012731668074 -0.01334534213 -0.01389336586 -0.014413816389 -0.01492391387 -0.01545442734 -0.016015021131 -0.016465102323 -0.017092363909 -0.017622224987 -0.018160649576 -0.018578088843 -0.019157029689 -0.01952865161 -0.020002603531 -0.020660880953 -0.021079189144 -0.021239140071 -0.021187714301 -0.019824389369 -0.01148158079 0 0.01148158079 0.019824389369 0.021187714301 0.021239140071 0.021079189144 0.020660880953 0.020002603531 0.01952865161 0.019157029689 0.018578088843 0.018160649576 0.017622224987 0.017092363909 0.016465102323 0.016015021131 0.01545442734 0.01492391387 0.014413816389 0.01389336586 0.01334534213 0.012731668074 0.012279126328 0.011727688369 0.011135506444 0.010659333319 0.010064323433 0.009593452793 0.009007247631 0.008500718046 0.007903461811 0.007389998296 0.006808920531 
=undefined   