pp=2
Rs=0.83
Ld=0.000445
Lq=0.000491
ke=0.0934
kt=0.01217
J=0.000032
I_ph=2
U_ph=15
N_req=4000
I_max=8
UDC_max=36.3
UDC_trip=28
UDC_under=16
UDC_over=30
N_over=4300
N_min=500
N_max=4400
UmaxCoeff=1.73205
E_max=15.1
E_block=1.4
E_block_per=2000
POSPE_Ts=0.0000833
ENC_P=1024
ENC_DIR=1
RES_PP=1
ALIGN_U=1.2
ALIGN_I=0.2
ALIGN_T=0.4
CALIB_T=0.2
FAULT_T=6
FREEWHEEL_T=1.5
CLOOP_Ts=0.0001
CLOOP_F0=280
CLOOP_Att=1
CLOOP_LIM=90
SLOOP_Ts=0.001
SLOOP_F0=20
SLOOP_Att=1
SLOOP_PI_MAN_EN=1
SLOOP_KP_MAN=0.005
SLOOP_KI_MAN=0.05
PLOOP_KP_MAN=0.071
RAMP_UP=10000
RAMP_DOWN=10000
SPEED_MAF=4
SPEED_IIR_FREQ=100
SL_HIGH_LIM=3
SL_LOW_LIM=-3
BEMF_DQ_F0=300
BEMF_DQ_Att=1
TO_F0=20
TO_Att=1
STARTUP_RAMP=3000
STARTUP_CURRENT=0.65
STARTUP_MERG_SPEED=500
STARTUP_MERG_COEFF=100
ATO_F0=100
ATO_Att=1
SCALAR_Factor=150
HW_board=0
Rs_calib=0.5
I_calib=2
Id_meas=1.8
Id_ampl=0.9
Freq_min=400
Freq_start=999
Freq_min=400
Ud_inc=0.5
Freq_dec=100
T_meas=0.05
ProjectPath=../../../src/projects/projects_dual/evbmimxrt1052/
FSL_HW_CalibTable_size=65
FSL_HW_CalibTable_range=2
FSL_HW_CalibTable=-0.007988878061 -0.00779056549 -0.007562926738 -0.007455819985 -0.007204788039 -0.007132018451 -0.006894042949 -0.00672538043 -0.006570946658 -0.006581801921 -0.006290676771 -0.006268252619 -0.006004346302 -0.005851386348 -0.00580769172 -0.005697534653 -0.005519124214 -0.005341505399 -0.005210382399 -0.005029341905 -0.005001538899 -0.004815006862 -0.004722529324 -0.004567054333 -0.004414714407 -0.004248617449 -0.004089549417 -0.00388170057 -0.003591187182 -0.003200998181 -0.002399129734 -0.001029098872 0 0.001029098872 0.002399129734 0.003200998181 0.003591187182 0.00388170057 0.004089549417 0.004248617449 0.004414714407 0.004567054333 0.004722529324 0.004815006862 0.005001538899 0.005029341905 0.005210382399 0.005341505399 0.005519124214 0.005697534653 0.00580769172 0.005851386348 0.006004346302 0.006268252619 0.006290676771 0.006581801921 0.006570946658 0.00672538043 0.006894042949 0.007132018451 0.007204788039 0.007455819985 0.007562926738 0.00779056549 0.007988878061 
User_HW_CalibTable_size=65
User_HW_CalibTable_range=2
User_HW_CalibTable=-0.028583566659 -0.028346653096 -0.028138655238 -0.027887506411 -0.027572494932 -0.027388307266 -0.027110038325 -0.026826021262 -0.026636727155 -0.026387083344 -0.026111454703 -0.025825201534 -0.025602559559 -0.025358547457 -0.025139656849 -0.024946704507 -0.025339222513 -0.025229301304 -0.024993375875 -0.024667782709 -0.024493564851 -0.024135953747 -0.023909165524 -0.023677352816 -0.023387653754 -0.023151609116 -0.022826682777 -0.02259508241 -0.022281919606 -0.021912658587 -0.021200299263 -0.018141786568 0 0.018141786568 0.021200299263 0.021912658587 0.022281919606 0.02259508241 0.022826682777 0.023151609116 0.023387653754 0.023677352816 0.023909165524 0.024135953747 0.024493564851 0.024667782709 0.024993375875 0.025229301304 0.025339222513 0.024946704507 0.025139656849 0.025358547457 0.025602559559 0.025825201534 0.026111454703 0.026387083344 0.026636727155 0.026826021262 0.027110038325 0.027388307266 0.027572494932 0.027887506411 0.028138655238 0.028346653096 0.028583566659 
=undefined   